7.166733e-02 2.665462e-14
6.932006e-02 1.601038e-14
6.666612e-02 9.892722e-15
6.373515e-02 7.041980e-15
5.856469e-02 4.475308e-15
5.261006e-02 2.612315e-15
5.001168e-02 1.859492e-15
4.807903e-02 1.441015e-15
4.294748e-02 8.176471e-16
4.036625e-02 5.657435e-16
3.667356e-02 3.494881e-16
3.369766e-02 2.252724e-16
2.942438e-02 1.260136e-16
2.554186e-02 8.006529e-17
2.306826e-02 5.697994e-17
2.036823e-02 3.724553e-17
1.808432e-02 2.650462e-17
1.578327e-02 1.995853e-17
1.362009e-02 1.440365e-17
1.175311e-02 1.054300e-17
1.002658e-02 8.051528e-18
7.989127e-03 6.147106e-18
6.438248e-03 4.828123e-18
5.682163e-03 4.129838e-18
