6.608639e-06 1.106033e-21
5.311782e-06 8.173484e-22
4.258584e-06 5.773185e-22
3.612400e-06 4.262218e-22
2.843141e-06 3.167890e-22
1.956419e-06 2.280547e-22
1.568240e-06 1.902275e-22
1.299989e-06 1.698861e-22
1.073904e-06 1.545321e-22
8.900824e-07 1.416723e-22
6.292940e-07 1.289504e-22
3.936221e-07 1.213411e-22
2.235275e-07 1.160964e-22
1.190351e-07 1.151461e-22
6.982272e-08 1.151461e-22
5.105899e-08 9.833243e-23
3.503516e-08 8.643903e-23
2.188243e-08 7.145394e-23
1.326163e-08 6.118152e-23
4.277020e-09 4.175402e-23
2.012203e-09 3.336811e-23
1.258588e-09 2.902410e-23
5.550514e-10 2.443366e-23
2.783075e-10 2.182059e-23
1.391537e-10 1.867296e-23
7.688650e-11 1.598904e-23
3.612400e-11 1.366721e-23
1.029158e-11 1.138666e-23
7.718684e-12 1.051715e-23
5.534966e-12 9.098065e-24
3.693426e-12 7.736078e-24
2.586365e-12 7.342580e-24
1.991918e-12 7.104269e-24
1.431872e-12 7.436751e-24
9.320675e-13 7.937048e-24
6.675618e-13 8.601426e-24
4.574035e-13 8.037927e-24
3.276920e-13 6.607435e-24
2.406800e-13 5.836282e-24
1.894519e-13 5.392685e-24
1.496957e-13 4.262218e-24
1.155546e-13 3.369579e-24
5.661842e-14 1.833649e-24
4.151225e-14 1.535811e-24
3.197384e-14 1.374737e-24
2.037096e-14 1.222432e-24
1.023825e-14 1.135445e-24
4.903184e-15 1.092707e-24
2.136198e-15 1.106033e-24
2.077795e-24 1.079216e-24
