5.883143e-03 1.023856e-30
4.661835e-03 2.881253e-31
3.806252e-03 1.208954e-31
3.070344e-03 5.464378e-32
2.489043e-03 2.808293e-32
2.001955e-03 1.538477e-32
1.602545e-03 9.077009e-33
1.300768e-03 5.821781e-33
1.065832e-03 3.966202e-33
8.531120e-04 2.690072e-33
6.757526e-04 1.842836e-33
5.403569e-04 1.331168e-33
4.391417e-04 1.001166e-33
3.578151e-04 7.555100e-34
2.861159e-04 5.650278e-34
2.325138e-04 4.520210e-34
1.876863e-04 3.633291e-34
1.501755e-04 2.927163e-34
1.222648e-04 2.454709e-34
9.868881e-05 2.099972e-34
7.910797e-05 1.835302e-34
6.428244e-05 1.663674e-34
5.201764e-05 1.532600e-34
4.161146e-05 1.425203e-34
3.428748e-05 1.412158e-34
2.716052e-05 1.304416e-34
2.171651e-05 1.302420e-34
1.762139e-05 1.285022e-34
1.419072e-05 1.261202e-34
1.131618e-05 1.261202e-34
9.189974e-06 1.261202e-34
7.408817e-06 1.252256e-34
5.942921e-06 1.258167e-34
4.820192e-06 1.225852e-34
3.111547e-06 1.218998e-34
2.556592e-06 1.222095e-34
2.109396e-06 1.232047e-34
1.973270e-17 1.232047e-34
