7.645677e+00 1.269935e-10
7.310489e+00 9.060284e-11
7.034523e+00 6.431925e-11
6.698766e+00 4.413498e-11
6.396108e+00 3.064981e-11
6.075943e+00 2.174608e-11
5.801071e+00 1.587270e-11
5.538613e+00 1.161901e-11
5.288040e+00 8.493038e-12
5.048802e+00 6.208077e-12
4.798085e+00 4.426182e-12
4.520701e+00 3.149698e-12
4.171151e+00 2.036508e-12
3.665312e+00 1.015037e-12
3.452008e+00 7.511271e-13
3.234834e+00 5.531187e-13
3.027540e+00 4.085930e-13
2.814196e+00 3.018669e-13
2.612625e+00 2.234058e-13
2.421494e+00 1.656181e-13
2.226457e+00 1.223463e-13
2.020136e+00 9.013680e-14
1.855861e+00 6.734813e-14
1.671946e+00 5.255386e-14
1.509310e+00 3.906283e-14
1.362466e+00 2.953257e-14
1.229922e+00 2.212411e-14
1.110258e+00 1.674831e-14
9.963085e-01 1.250975e-14
8.764980e-01 9.243083e-15
8.033186e-01 7.544558e-15
7.371219e-01 6.276501e-15
6.653543e-01 5.052416e-15
6.005654e-01 4.115180e-15
5.420819e-01 3.369372e-15
4.892872e-01 2.787723e-15
4.416329e-01 2.312520e-15
3.986155e-01 1.935952e-15
3.597864e-01 1.627070e-15
3.247371e-01 1.376435e-15
2.931007e-01 1.168983e-15
2.645443e-01 9.993058e-16
2.387686e-01 8.587347e-16
2.155029e-01 7.418052e-16
1.945033e-01 6.433148e-16
1.755491e-01 5.600927e-16
1.584418e-01 4.882743e-16
1.430011e-01 4.267790e-16
1.290643e-01 3.749838e-16
1.164855e-01 3.303369e-16
1.051324e-01 2.913864e-16
9.488536e-02 2.580384e-16
8.563695e-02 2.288057e-16
7.728973e-02 2.034157e-16
6.975590e-02 1.813165e-16
6.295654e-02 1.614071e-16
5.681975e-02 1.440599e-16
5.128099e-02 1.289136e-16
4.628230e-02 1.150586e-16
4.177072e-02 1.029615e-16
3.769894e-02 9.213620e-17
3.402395e-02 8.266488e-17
3.070722e-02 7.416719e-17
2.771376e-02 6.663005e-17
2.501204e-02 6.001553e-17
2.257381e-02 5.384612e-17
2.037323e-02 4.837408e-17
1.838714e-02 4.351497e-17
1.659466e-02 3.914395e-17
1.497693e-02 3.521199e-17
1.351687e-02 3.171641e-17
1.219912e-02 2.864262e-17
1.100987e-02 2.579920e-17
9.936488e-03 2.335985e-17
