3.565361e-12 2.412748e-21
3.512803e-12 2.219328e-21
3.437125e-12 2.027660e-21
3.409826e-12 1.863994e-21
3.342484e-12 1.714875e-21
3.337300e-12 1.587915e-21
3.262044e-12 1.448779e-21
3.212922e-12 1.319740e-21
3.122417e-12 1.203161e-21
3.027660e-12 1.064841e-21
2.991287e-12 9.668899e-22
2.940985e-12 8.805421e-22
2.857988e-12 7.965803e-22
2.835926e-12 7.044656e-22
2.757643e-12 6.425738e-22
2.697302e-12 5.794683e-22
2.651821e-12 5.241803e-22
2.577157e-12 4.699506e-22
2.519340e-12 4.189846e-22
2.476607e-12 3.811942e-22
2.412824e-12 3.436050e-22
2.362036e-12 3.124553e-22
2.308556e-12 2.823928e-22
2.233313e-12 2.500288e-22
2.162905e-12 2.197358e-22
2.097038e-12 1.958786e-22
2.069239e-12 1.781143e-22
2.002643e-12 1.633122e-22
1.980146e-12 1.499139e-22
1.912198e-12 1.362132e-22
1.871086e-12 1.234249e-22
1.827125e-12 1.134645e-22
1.774427e-12 1.022376e-22
1.711118e-12 9.307991e-23
1.688912e-12 8.567418e-23
1.616364e-12 7.707764e-23
1.567509e-12 6.947035e-23
1.522398e-12 6.319240e-23
1.478722e-12 5.824980e-23
1.441421e-12 5.362658e-23
1.399437e-12 4.904790e-23
1.346288e-12 4.459318e-23
1.295275e-12 4.014718e-23
1.239772e-12 3.566029e-23
1.174905e-12 3.162603e-23
1.121832e-12 2.812372e-23
1.075991e-12 2.546388e-23
1.032090e-12 2.326984e-23
1.000652e-12 2.132336e-23
9.581442e-13 1.957595e-23
9.201580e-13 1.792674e-23
8.745462e-13 1.627094e-23
8.355354e-13 1.480647e-23
7.903109e-13 1.334487e-23
7.519468e-13 1.220382e-23
7.200475e-13 1.130208e-23
6.802162e-13 1.039106e-23
6.391501e-13 9.458046e-24
6.023254e-13 8.590004e-24
5.685603e-13 7.875322e-24
5.366965e-13 7.236724e-24
5.058089e-13 6.637019e-24
4.689672e-13 6.033122e-24
4.355258e-13 5.475630e-24
4.052804e-13 5.011375e-24
3.771460e-13 4.605083e-24
3.509755e-13 4.250458e-24
3.266242e-13 3.928919e-24
3.017951e-13 3.621281e-24
2.753409e-13 3.313274e-24
2.520194e-13 3.049258e-24
2.313605e-13 2.818772e-24
2.082434e-13 2.582409e-24
1.842590e-13 2.361628e-24
1.616312e-13 2.156645e-24
1.430757e-13 1.969270e-24
1.248595e-13 1.806341e-24
1.105372e-13 1.674899e-24
9.646911e-14 1.548561e-24
8.299873e-14 1.432594e-24
7.090303e-14 1.329408e-24
6.057372e-14 1.244430e-24
5.175245e-14 1.175452e-24
4.421878e-14 1.121120e-24
3.778328e-14 1.075398e-24
3.228596e-14 1.038812e-24
2.758982e-14 1.010545e-24
2.357741e-14 9.870001e-25
2.014914e-14 9.682053e-25
1.721995e-14 9.545460e-25
1.471690e-14 9.439167e-25
1.257775e-14 9.340305e-25
1.074985e-14 9.282757e-25
9.187666e-15 9.234825e-25
7.852534e-15 9.193290e-25
6.711513e-15 9.170328e-25
5.736277e-15 9.144364e-25
4.902830e-15 9.139850e-25
4.190497e-15 9.141452e-25
3.581634e-15 9.133883e-25
3.061159e-15 9.092802e-25
2.616372e-15 9.079197e-25
2.236239e-15 9.080788e-25
1.911335e-15 9.082380e-25
1.633637e-15 9.083971e-25
1.396286e-15 9.085563e-25
1.193419e-15 9.087155e-25
1.020027e-15 9.088747e-25
8.718273e-16 9.090340e-25
7.451594e-16 9.091933e-25
6.368951e-16 9.093526e-25
5.443605e-16 9.095120e-25
4.652703e-16 9.096713e-25
3.976711e-16 9.098307e-25
3.398934e-16 9.099902e-25
2.905102e-16 9.101496e-25
2.482991e-16 9.087879e-25
2.094147e-16 9.084743e-25
1.973270e-17 9.084743e-25
