1.870000e+02 1.000000e+00
1.870000e+02 3.887945e-16
2.000000e+02 3.954004e-16
2.092118e+02 2.246008e-16
2.188479e+02 2.298682e-16
2.289278e+02 2.218739e-16
2.394720e+02 2.205450e-16
2.505019e+02 2.169415e-16
2.620397e+02 2.219855e-16
2.741090e+02 2.194731e-16
2.867342e+02 1.224084e-16
2.999409e+02 1.195592e-16
3.137559e+02 1.210726e-16
3.282072e+02 1.538098e-16
3.433241e+02 1.605489e-16
3.591373e+02 1.728264e-16
3.756788e+02 1.804743e-16
3.929822e+02 1.962524e-16
4.110825e+02 2.130728e-16
4.300166e+02 2.057467e-16
4.498227e+02 2.123658e-16
4.705411e+02 2.224444e-16
4.922138e+02 2.311082e-16
5.000000e+02 2.184497e-16
5.148847e+02 2.136549e-16
5.385998e+02 2.075966e-16
5.634072e+02 2.147239e-16
5.893571e+02 2.195004e-16
6.165023e+02 2.253398e-16
6.448978e+02 2.342368e-16
6.746012e+02 2.447028e-16
7.056727e+02 8.823660e-17
7.381753e+02 1.072109e-16
7.721749e+02 1.216038e-16
8.077405e+02 1.402674e-16
8.449443e+02 1.636027e-16
8.838616e+02 1.559207e-16
9.245714e+02 1.742465e-16
9.671562e+02 1.518751e-16
1.000000e+03 1.581631e-16
1.011702e+03 1.674065e-16
1.058301e+03 3.043220e-16
1.107045e+03 4.148191e-16
1.158034e+03 4.632057e-16
1.211372e+03 5.854681e-16
1.267167e+03 5.923283e-16
1.325531e+03 6.306426e-16
1.386584e+03 6.482077e-16
1.450449e+03 6.847638e-16
1.517255e+03 7.321225e-16
1.587138e+03 7.377285e-16
1.660240e+03 7.762517e-16
1.736709e+03 8.469100e-16
1.816700e+03 9.391107e-16
1.900376e+03 1.050535e-15
1.987905e+03 1.213018e-15
2.079466e+03 1.375691e-15
2.175244e+03 1.596685e-15
2.275434e+03 1.767000e-15
2.380238e+03 1.627129e-15
2.489870e+03 1.784016e-15
2.604551e+03 2.067970e-15
2.724514e+03 2.290124e-15
2.850002e+03 2.770311e-15
2.981270e+03 3.655843e-15
3.118585e+03 4.319366e-15
3.262224e+03 3.620148e-15
3.412479e+03 4.327705e-15
3.569654e+03 4.551745e-15
3.734069e+03 5.437056e-15
3.906056e+03 6.718019e-15
4.085966e+03 8.444367e-15
4.274161e+03 1.075450e-14
4.471025e+03 1.415824e-14
4.676956e+03 1.933138e-14
4.892372e+03 1.599397e-14
5.117710e+03 2.295301e-14
5.353426e+03 3.058055e-14
5.600000e+03 4.603802e-14
5.600000e+03 1.000000e+00
