1.958352e+02 3.703486e-02
1.869619e+02 1.972824e-02
1.780773e+02 9.952963e-03
1.696150e+02 4.998604e-03
1.626823e+02 2.798800e-03
1.549515e+02 1.464125e-03
1.465652e+02 7.676594e-04
1.386327e+02 4.024935e-04
1.311295e+02 2.110324e-04
1.240325e+02 1.144716e-04
1.165064e+02 6.167296e-05
1.086784e+02 3.194273e-05
1.013764e+02 1.636540e-05
9.456503e+01 8.998678e-06
8.759989e+01 4.921182e-06
8.058531e+01 2.562760e-06
7.413243e+01 1.434932e-06
6.772359e+01 7.808821e-07
6.143997e+01 4.162403e-07
5.535304e+01 2.295415e-07
4.952349e+01 1.240892e-07
4.400078e+01 6.830901e-08
3.882298e+01 3.688577e-08
3.425448e+01 2.059066e-08
3.001410e+01 1.152208e-08
1.685048e+01 1.374818e-09
1.476455e+01 7.159518e-10
1.284717e+01 3.800031e-10
1.117879e+01 2.118081e-10
9.659649e+00 1.202080e-10
8.289098e+00 6.842457e-11
7.212645e+00 4.085471e-11
7.113007e+00 4.326806e-11
5.936311e+00 2.189793e-11
5.094043e+00 1.268222e-11
4.347955e+00 8.354900e-12
3.822663e+00 5.208560e-12
3.218849e+00 3.413912e-12
2.762145e+00 2.231712e-12
1.950808e+00 9.960326e-13
1.674020e+00 7.578602e-13
1.403582e+00 5.322328e-13
1.215658e+00 4.065442e-13
1.050456e+00 3.175221e-13
