7.024928e-05 8.868521e-27
6.817672e-05 6.564897e-27
6.602392e-05 4.803032e-27
6.317439e-05 3.307567e-27
6.119591e-05 2.328707e-27
5.945400e-05 1.712633e-27
5.656948e-05 1.206768e-27
5.356075e-05 7.980256e-28
5.174758e-05 5.145477e-28
4.949919e-05 3.471314e-28
4.732487e-05 2.418143e-28
4.524606e-05 1.705092e-28
4.295122e-05 1.226281e-28
4.084551e-05 9.077512e-29
3.905132e-05 6.673825e-29
3.729602e-05 4.877960e-29
3.516539e-05 3.427090e-29
3.292873e-05 2.384619e-29
3.096285e-05 1.680496e-29
2.890198e-05 1.285037e-29
2.741849e-05 9.047357e-30
2.133509e-05 3.164680e-30
1.939328e-05 2.361941e-30
1.703631e-05 1.288965e-30
1.520385e-05 9.480848e-31
1.379383e-05 7.110148e-31
1.232858e-05 5.215938e-31
1.085522e-05 3.781991e-31
9.415884e-06 2.742364e-31
8.046014e-06 1.986104e-31
6.824157e-06 1.492299e-31
5.787849e-06 1.162420e-31
4.908914e-06 9.398599e-32
4.163452e-06 7.838940e-32
3.531196e-06 6.752825e-32
2.994953e-06 5.985883e-32
2.540143e-06 5.419347e-32
2.154400e-06 4.992550e-32
1.827236e-06 4.697577e-32
1.549754e-06 4.453116e-32
1.314411e-06 4.279485e-32
1.114806e-06 4.143407e-32
9.455129e-07 4.041683e-32
8.019286e-07 3.976906e-32
6.801487e-07 3.913167e-32
5.768622e-07 3.884095e-32
4.892607e-07 3.850450e-32
4.149622e-07 3.812355e-32
3.519466e-07 3.798167e-32
2.985004e-07 3.793449e-32
2.531705e-07 3.672826e-32
2.147244e-07 3.645539e-32
1.821166e-07 3.645539e-32
1.544606e-07 3.600511e-32
1.310044e-07 3.596038e-32
1.111103e-07 3.596038e-32
9.423720e-08 3.596038e-32
7.992646e-08 3.596038e-32
6.778893e-08 3.654612e-32
5.749459e-08 3.695721e-32
4.876354e-08 3.695721e-32
4.135837e-08 3.695721e-32
3.507774e-08 3.695721e-32
2.975088e-08 3.695721e-32
2.523295e-08 3.695721e-32
2.140111e-08 3.695721e-32
1.815116e-08 3.695721e-32
1.539475e-08 3.695721e-32
1.305692e-08 3.695721e-32
1.107412e-08 3.695721e-32
9.392416e-09 3.695721e-32
7.966096e-09 3.695721e-32
6.756375e-09 3.695721e-32
5.730360e-09 3.695721e-32
4.860155e-09 3.691131e-32
4.122098e-09 3.600511e-32
3.496122e-09 3.596038e-32
2.965205e-09 3.596038e-32
1.973270e-27 3.746594e-32
