4.167589e-14 3.028200e-01
4.167589e-14 3.414682e-21
4.265076e-14 3.200956e-21
4.293605e-14 3.543694e-21
4.394407e-14 3.923358e-21
4.452813e-14 3.711824e-21
4.482181e-14 3.415555e-21
4.526650e-14 3.085390e-21
4.556421e-14 2.736046e-21
4.601733e-14 2.588498e-21
4.647539e-14 2.494609e-21
4.678105e-14 2.212156e-21
4.678214e-14 2.316816e-21
4.755789e-14 1.925813e-21
4.756054e-14 2.151769e-21
4.851300e-14 2.073793e-21
4.915482e-14 1.739795e-21
5.013850e-14 1.630882e-21
5.030135e-14 1.432900e-21
5.079993e-14 1.270674e-21
5.216218e-14 1.270792e-21
5.373641e-14 1.180318e-21
5.481790e-14 1.381295e-21
6.052471e-14 9.285112e-22
6.132230e-14 7.036448e-22
6.213445e-14 6.069202e-22
6.295501e-14 4.861706e-22
6.379026e-14 4.391799e-22
6.473650e-14 4.184097e-22
6.565930e-14 3.125406e-22
6.698643e-14 3.063781e-22
6.727011e-14 2.695982e-22
6.814014e-14 2.590467e-22
6.902184e-14 2.519108e-22
6.921800e-14 2.410776e-22
6.961354e-14 2.307125e-22
6.990877e-14 2.054651e-22
7.121973e-14 2.006094e-22
7.172359e-14 1.642743e-22
7.401257e-14 1.498625e-22
7.432436e-14 1.261996e-22
7.647898e-14 1.203016e-22
7.768360e-14 9.812212e-23
7.845790e-14 8.164565e-23
7.935970e-14 7.971414e-23
8.049854e-14 7.184972e-23
8.200825e-14 7.043267e-23
8.282316e-14 5.519535e-23
8.522672e-14 5.586678e-23
8.546413e-14 4.780352e-23
8.653931e-14 4.364846e-23
8.756116e-14 4.156637e-23
8.907764e-14 4.240798e-23
8.996533e-14 3.514615e-23
9.126205e-14 3.585741e-23
9.217559e-14 3.244874e-23
9.336679e-14 3.056186e-23
9.511879e-14 3.056385e-23
9.648398e-14 2.765882e-23
9.830415e-14 3.364485e-23
9.885736e-14 2.711386e-23
1.007114e-13 2.657911e-23
1.028936e-13 2.584772e-23
1.052744e-13 2.554169e-23
1.064875e-13 2.637266e-23
1.072380e-13 2.050247e-23
1.078463e-13 1.804129e-23
1.093988e-13 1.775604e-23
1.111331e-13 1.768618e-23
1.122489e-13 1.699382e-23
1.138684e-13 1.782965e-23
1.143924e-13 3.247335e-23
1.151779e-13 1.761785e-23
1.161664e-13 1.646101e-23
1.166570e-13 1.414167e-23
1.188434e-13 1.353426e-23
1.214193e-13 1.332060e-23
1.236964e-13 1.305789e-23
1.243995e-13 1.176927e-23
1.261905e-13 1.162958e-23
1.287440e-13 1.191268e-23
1.315344e-13 1.172462e-23
1.324664e-13 9.794819e-24
1.349561e-13 1.040070e-23
1.363070e-13 9.411992e-24
1.394599e-13 9.153042e-24
1.420674e-13 8.022518e-24
1.439160e-13 9.008864e-24
1.441356e-13 1.087069e-23
1.460053e-13 1.126937e-23
1.476933e-13 1.255408e-23
1.489472e-13 9.759766e-24
1.510831e-13 8.622830e-24
1.539305e-13 1.011841e-23
1.552249e-13 6.703979e-24
1.606430e-13 6.545907e-24
1.643620e-13 6.625403e-24
1.674405e-13 6.190578e-24
1.696153e-13 6.626135e-24
1.730325e-13 5.715633e-24
1.783048e-13 5.536347e-24
1.840019e-13 5.427402e-24
1.869162e-13 5.256894e-24
1.907084e-13 5.974574e-24
1.928884e-13 5.153448e-24
1.956529e-13 4.480897e-24
1.996119e-13 4.589978e-24
2.016234e-13 4.739283e-24
2.045209e-13 4.445912e-24
2.086510e-13 4.204259e-24
2.125679e-13 4.272295e-24
2.140890e-13 4.105004e-24
2.168653e-13 4.221669e-24
2.215622e-13 4.024266e-24
2.260523e-13 4.376935e-24
2.289723e-13 4.073281e-24
2.339360e-13 4.041154e-24
2.396949e-13 4.106633e-24
2.441956e-13 4.206582e-24
2.491379e-13 4.343568e-24
2.516333e-13 3.978077e-24
2.556184e-13 3.837731e-24
2.634103e-13 3.807576e-24
2.656834e-13 3.900110e-24
2.687436e-13 3.994932e-24
2.726155e-13 4.027197e-24
2.741772e-13 3.963403e-24
2.749564e-13 3.792959e-24
2.797156e-13 3.793188e-24
2.845566e-13 3.778285e-24
2.919700e-13 3.616093e-24
2.965957e-13 3.530600e-24
2.970160e-13 3.433205e-24
3.038897e-13 3.419784e-24
3.113638e-13 3.325714e-24
3.158421e-13 3.195569e-24
3.263987e-13 3.107759e-24
3.315705e-13 3.046436e-24
3.392514e-13 3.170921e-24
3.480975e-13 3.171208e-24
3.520915e-13 2.974874e-24
3.607546e-13 2.951440e-24
3.675152e-13 2.813404e-24
3.728027e-13 2.725003e-24
3.825221e-13 2.703551e-24
3.907732e-13 2.620454e-24
3.964286e-13 2.486201e-24
4.179685e-13 2.476744e-24
4.245972e-13 2.496760e-24
4.350382e-13 2.408747e-24
4.483062e-13 2.424753e-24
4.593306e-13 2.380491e-24
4.699683e-13 2.448231e-24
4.870959e-13 2.673595e-24
5.076918e-13 2.381328e-24
5.276677e-13 2.363796e-24
5.438819e-13 2.333474e-24
5.671652e-13 2.349057e-24
5.840594e-13 2.298318e-24
6.124589e-13 2.289309e-24
6.372936e-13 2.271620e-24
6.576625e-13 2.271871e-24
6.816030e-13 2.290392e-24
7.175981e-13 2.201050e-24
7.490799e-13 2.356160e-24
7.908987e-13 2.273343e-24
8.434738e-13 2.301286e-24
8.766422e-13 2.337389e-24
9.035886e-13 2.352901e-24
9.335316e-13 2.353170e-24
9.593370e-13 2.339431e-24
9.964371e-13 2.400117e-24
1.026052e-12 2.425691e-24
1.073538e-12 2.464065e-24
1.116390e-12 2.465514e-24
1.170358e-12 2.556243e-24
1.212967e-12 2.597766e-24
1.251753e-12 2.671770e-24
1.334990e-12 2.814902e-24
1.407536e-12 2.838021e-24
1.469277e-12 3.001808e-24
1.501123e-12 2.954420e-24
1.514080e-12 3.038339e-24
1.551299e-12 2.884744e-24
1.582680e-12 2.919748e-24
1.626286e-12 2.967087e-24
1.692754e-12 3.063925e-24
1.779643e-12 3.089058e-24
1.833936e-12 3.215366e-24
1.895286e-12 3.306980e-24
1.967106e-12 3.387687e-24
2.021312e-12 3.470243e-24
2.062196e-12 3.498341e-24
2.155722e-12 3.656151e-24
2.231012e-12 3.715522e-24
2.325547e-12 3.929931e-24
2.417125e-12 4.025863e-24
2.501525e-12 4.026348e-24
2.559494e-12 4.258416e-24
2.622507e-12 4.344746e-24
2.741449e-12 4.558923e-24
2.841228e-12 4.541308e-24
2.902891e-12 4.726853e-24
2.974358e-12 4.822680e-24
3.060663e-12 4.842481e-24
3.145041e-12 5.080887e-24
3.230937e-12 5.228587e-24
3.306556e-12 5.374249e-24
3.387982e-12 5.549345e-24
3.511341e-12 5.684749e-24
3.691675e-12 6.037059e-24
3.837097e-12 6.334532e-24
3.937237e-12 6.619850e-24
4.115784e-12 6.863385e-24
4.259607e-12 7.230308e-24
4.364432e-12 7.230925e-24
4.433701e-12 7.466287e-24
4.588588e-12 7.709812e-24
4.721779e-12 7.897734e-24
4.865829e-12 8.220663e-24
4.964298e-12 8.454508e-24
5.093795e-12 8.625948e-24
5.264377e-12 9.495491e-24
5.487324e-12 9.611434e-24
5.760826e-12 9.965177e-24
6.013535e-12 1.058250e-23
6.188225e-12 1.132769e-23
6.431939e-12 1.169734e-23
6.580923e-12 1.212675e-23
6.840103e-12 1.252248e-23
7.129968e-12 1.335141e-23
7.347471e-12 1.384189e-23
7.485495e-12 1.440729e-23
7.647908e-12 1.481720e-23
7.769306e-12 1.536076e-23
8.098451e-12 1.598948e-23
8.345581e-12 1.691150e-23
8.345581e-12 3.028200e-01
