4.188726e-14 3.028200e-01
4.188726e-14 3.018521e-21
4.272651e-14 2.050767e-21
4.349135e-14 1.820798e-21
4.466889e-14 1.875752e-21
4.597369e-14 1.424701e-21
4.637682e-14 1.004588e-21
4.699859e-14 9.395767e-22
4.773583e-14 9.188550e-22
4.880688e-14 8.097740e-22
4.902421e-14 7.978238e-22
4.956711e-14 6.336157e-22
5.034137e-14 5.420372e-22
5.101592e-14 4.994782e-22
5.146791e-14 4.241224e-22
5.285339e-14 3.197505e-22
5.368227e-14 3.103828e-22
6.064639e-14 1.360013e-22
6.228862e-14 1.411513e-22
6.368206e-14 1.088154e-22
6.454050e-14 1.180872e-22
6.483187e-14 1.320168e-22
6.521872e-14 1.680517e-22
6.542818e-14 1.212987e-22
6.553656e-14 1.856679e-22
6.586423e-14 1.013303e-22
6.709344e-14 9.796988e-23
6.778416e-14 1.327134e-22
6.880709e-14 9.472087e-23
7.079656e-14 7.736852e-23
7.163273e-14 7.191663e-23
7.321194e-14 6.284081e-23
7.470406e-14 6.109927e-23
7.609886e-14 6.007760e-23
7.698505e-14 3.985737e-23
7.829103e-14 3.963396e-23
7.920880e-14 3.077625e-23
8.028279e-14 3.129963e-23
8.164539e-14 3.165348e-23
8.290581e-14 4.561380e-23
8.346244e-14 4.216190e-23
8.358357e-14 2.614703e-23
8.514394e-14 2.556571e-23
8.599934e-14 2.088221e-23
8.774201e-14 1.603402e-23
8.878245e-14 1.639861e-23
8.968739e-14 1.804291e-23
9.075238e-14 1.908614e-23
9.181673e-14 1.498817e-23
9.451252e-14 2.992334e-23
9.494279e-14 1.057785e-23
9.622854e-14 1.040097e-23
9.785964e-14 1.005604e-23
9.885008e-14 9.559972e-24
9.985519e-14 9.999674e-24
1.006924e-13 8.786975e-24
1.006979e-13 9.832464e-24
1.018825e-13 8.306688e-24
1.034336e-13 7.764868e-24
1.036100e-13 8.122006e-24
1.046575e-13 7.549677e-24
1.060722e-13 7.057234e-24
1.060751e-13 7.465279e-24
1.067865e-13 6.784948e-24
1.073207e-13 6.029515e-24
1.082264e-13 5.928692e-24
1.093256e-13 6.063502e-24
1.104454e-13 7.381825e-24
1.124983e-13 6.132052e-24
1.140492e-13 9.887888e-24
1.141775e-13 1.067373e-23
1.149854e-13 6.063502e-24
1.165409e-13 5.796880e-24
1.183158e-13 5.480028e-24
1.199165e-13 5.239063e-24
1.205167e-13 4.681992e-24
1.221498e-13 4.681992e-24
1.236039e-13 5.268594e-24
1.257018e-13 5.328158e-24
1.271903e-13 5.268594e-24
1.278175e-13 4.045393e-24
1.295467e-13 3.867511e-24
1.319672e-13 3.911234e-24
1.344297e-13 3.760329e-24
1.362443e-13 3.379434e-24
1.362484e-13 3.594981e-24
1.380852e-13 3.123689e-24
1.401459e-13 3.123766e-24
1.408641e-13 3.273279e-24
1.417539e-13 2.869203e-24
1.441172e-13 2.844917e-24
1.450383e-13 2.906022e-24
1.472713e-13 2.981083e-24
1.483905e-13 2.624208e-24
1.508638e-13 2.579971e-24
1.535739e-13 2.547283e-24
1.551407e-13 2.410355e-24
1.567264e-13 2.369723e-24
1.591348e-13 2.290502e-24
1.605579e-13 2.280788e-24
1.632377e-13 2.349665e-24
1.657451e-13 2.242340e-24
1.685052e-13 2.139917e-24
1.702265e-13 2.077189e-24
1.748330e-13 2.016299e-24
1.775177e-13 1.907914e-24
1.804761e-13 1.867796e-24
1.830172e-13 1.820767e-24
1.870161e-13 1.774922e-24
1.920790e-13 1.759898e-24
1.985382e-13 1.752434e-24
2.023678e-13 1.836310e-24
2.044269e-13 1.644196e-24
2.096955e-13 1.651200e-24
2.112931e-13 1.510207e-24
2.148161e-13 1.503802e-24
2.192317e-13 1.478452e-24
2.223203e-13 1.465938e-24
2.257384e-13 1.441226e-24
2.295028e-13 1.441226e-24
2.321408e-13 1.381254e-24
2.384268e-13 1.387137e-24
2.396451e-13 1.410921e-24
2.420991e-13 1.441226e-24
2.464542e-13 1.497424e-24
2.492840e-13 1.398978e-24
2.524688e-13 1.323777e-24
2.540741e-13 1.263311e-24
2.592939e-13 1.215899e-24
2.629458e-13 1.195403e-24
2.673312e-13 1.200494e-24
2.724766e-13 1.155440e-24
2.780785e-13 1.145660e-24
2.848802e-13 1.131144e-24
2.888949e-13 1.131144e-24
2.940857e-13 1.126347e-24
3.005165e-13 1.135962e-24
3.043577e-13 1.088693e-24
3.118035e-13 1.084075e-24
3.198367e-13 1.070340e-24
3.289134e-13 1.061280e-24
3.356770e-13 1.061280e-24
3.417092e-13 1.061280e-24
3.469658e-13 1.061280e-24
3.487323e-13 1.038965e-24
3.568109e-13 1.043390e-24
3.618370e-13 1.030170e-24
3.683415e-13 1.043390e-24
3.702253e-13 1.070340e-24
3.773518e-13 1.034558e-24
3.890421e-13 9.873031e-25
3.895390e-13 9.957314e-25
3.910301e-13 1.004232e-24
3.985580e-13 9.747942e-25
4.036632e-13 9.873031e-25
4.130084e-13 9.624437e-25
4.209654e-13 9.624437e-25
4.285293e-13 9.583618e-25
4.351233e-13 9.665430e-25
4.463347e-13 9.583618e-25
4.543572e-13 9.665430e-25
4.631118e-13 9.706598e-25
4.738323e-13 9.422064e-25
4.817348e-13 9.462195e-25
4.903907e-13 9.422064e-25
4.954071e-13 9.422064e-25
5.081717e-13 9.342311e-25
5.219255e-13 9.145870e-25
5.313024e-13 9.068455e-25
5.463825e-13 9.068455e-25
5.569114e-13 9.145870e-25
5.756403e-13 9.145870e-25
5.912239e-13 9.068455e-25
6.033790e-13 8.991695e-25
6.268524e-13 8.991695e-25
6.454612e-13 8.877772e-25
6.654726e-13 8.877772e-25
6.878581e-13 9.029994e-25
7.046857e-13 8.991695e-25
7.274552e-13 8.915585e-25
7.424188e-13 9.029994e-25
7.673847e-13 8.991695e-25
7.942064e-13 9.107080e-25
8.126030e-13 9.107080e-25
8.251018e-13 9.068455e-25
8.517656e-13 9.068455e-25
8.792911e-13 9.068455e-25
9.111807e-13 9.145870e-25
9.418197e-13 9.068455e-25
9.624105e-13 9.068455e-25
9.897330e-13 9.184825e-25
1.019129e-12 9.342311e-25
1.073695e-12 9.302688e-25
1.116892e-12 9.422064e-25
1.135531e-12 9.665430e-25
1.166277e-12 9.665430e-25
1.191762e-12 9.462195e-25
1.214723e-12 9.462195e-25
1.242865e-12 9.542971e-25
1.279777e-12 9.665430e-25
1.316107e-12 9.747942e-25
1.367313e-12 9.831157e-25
1.398991e-12 9.915083e-25
1.446039e-12 9.915083e-25
1.509983e-12 1.025801e-24
1.574725e-12 1.025801e-24
1.631857e-12 1.061280e-24
1.688883e-12 1.061280e-24
1.754589e-12 1.065801e-24
1.799820e-12 1.084075e-24
1.858013e-12 1.121570e-24
1.915646e-12 1.155440e-24
1.945139e-12 1.185284e-24
1.982643e-12 1.221078e-24
2.002924e-12 1.221078e-24
2.031146e-12 1.215899e-24
2.075552e-12 1.215899e-24
2.094157e-12 1.263311e-24
2.110294e-12 1.381254e-24
2.126367e-12 1.257953e-24
2.156293e-12 1.210742e-24
2.217519e-12 1.236748e-24
2.266032e-12 1.274096e-24
2.330379e-12 1.307005e-24
2.427226e-12 1.329415e-24
2.496140e-12 1.352210e-24
2.553980e-12 1.375395e-24
2.619834e-12 1.416931e-24
2.683942e-12 1.429027e-24
2.781316e-12 1.478452e-24
2.915413e-12 1.529587e-24
3.017332e-12 1.569095e-24
3.106969e-12 1.616480e-24
3.166867e-12 1.658232e-24
3.236130e-12 1.686665e-24
3.306915e-12 1.722892e-24
3.405154e-12 1.774922e-24
3.484131e-12 1.883741e-24
3.569336e-12 1.844132e-24
3.647432e-12 1.907914e-24
3.741465e-12 1.948893e-24
3.803897e-12 1.990753e-24
3.887092e-12 2.024887e-24
4.012756e-12 2.077189e-24
4.074536e-12 2.130842e-24
4.147799e-12 2.176609e-24
4.233171e-12 2.261482e-24
4.314701e-12 2.232830e-24
4.454216e-12 2.319895e-24
4.528560e-12 2.389953e-24
4.698793e-12 2.430932e-24
4.807742e-12 2.547283e-24
4.969498e-12 2.624208e-24
5.130186e-12 2.726535e-24
5.262490e-12 2.832851e-24
5.370761e-12 2.893697e-24
5.467319e-12 2.943313e-24
5.594077e-12 3.071108e-24
5.774949e-12 3.177329e-24
5.961657e-12 3.273279e-24
6.115429e-12 3.429949e-24
6.241248e-12 3.503620e-24
6.369616e-12 3.533529e-24
6.525549e-12 3.640238e-24
6.736566e-12 3.798292e-24
6.892723e-12 3.929662e-24
7.097458e-12 4.014066e-24
7.188432e-12 4.135286e-24
7.364426e-12 4.278312e-24
7.544713e-12 4.407511e-24
7.719570e-12 4.521355e-24
7.848447e-12 4.697657e-24
8.009954e-12 4.839521e-24
8.226848e-12 4.860134e-24
8.321790e-12 5.114445e-24
8.321790e-12 3.028200e-01
