9.356560e-20 6.056400e+04
9.356560e-20 2.380765e-20
1.011995e-19 2.401847e-20
1.044247e-19 2.359869e-20
1.141319e-19 2.401847e-20
1.221597e-19 2.717360e-20
1.363374e-19 3.298971e-20
1.594922e-19 2.856558e-20
1.689345e-19 2.755961e-20
1.827177e-19 2.577359e-20
1.939402e-19 2.679299e-20
2.071477e-19 3.194037e-20
2.171288e-19 3.498672e-20
2.360753e-19 3.866297e-20
2.526802e-19 4.005069e-20
2.620999e-19 4.005069e-20
2.925190e-19 4.491414e-20
3.197112e-19 5.366892e-20
3.662681e-19 7.476219e-20
4.658613e-19 7.041203e-20
5.478377e-19 7.391026e-20
6.178466e-19 8.281232e-20
6.752810e-19 8.855092e-20
7.190090e-19 8.855092e-20
7.458132e-19 8.855092e-20
8.588990e-19 8.829108e-20
9.145172e-19 9.254151e-20
9.585819e-19 1.001832e-19
1.163187e-18 1.133435e-19
1.238509e-18 1.209132e-19
1.318709e-18 1.376031e-19
1.479473e-18 1.489658e-19
1.575276e-18 1.520618e-19
1.659835e-18 1.598513e-19
1.776583e-18 1.761294e-19
2.039553e-18 1.761294e-19
2.178449e-18 1.792624e-19
2.319515e-18 1.901139e-19
2.469715e-18 2.070259e-19
2.629642e-18 2.321655e-19
2.799925e-18 2.376882e-19
2.981235e-18 2.550570e-19
3.164343e-18 2.978670e-19
3.309882e-18 3.442017e-19
3.752426e-18 4.093651e-19
3.995415e-18 4.604264e-19
4.723110e-18 5.540678e-19
5.028956e-18 5.540678e-19
5.354607e-18 5.606190e-19
5.701346e-18 5.980603e-19
6.070538e-18 6.361300e-19
6.463637e-18 6.826145e-19
6.882192e-18 7.455255e-19
7.327850e-18 7.745573e-19
7.802367e-18 8.360565e-19
8.307611e-18 8.763051e-19
8.845572e-18 8.763051e-19
9.418370e-18 9.077582e-19
1.008083e-17 9.514586e-19
1.067764e-17 1.027004e-18
1.136907e-17 1.128266e-18
1.210528e-17 1.203618e-18
1.288916e-17 1.203618e-18
1.372380e-17 1.203618e-18
1.461249e-17 1.257859e-18
1.555873e-17 1.482864e-18
1.656624e-17 1.789700e-18
1.763899e-17 1.898038e-18
1.878120e-17 1.903623e-18
1.999738e-17 1.995266e-18
2.129232e-17 2.264013e-18
2.255288e-17 2.515174e-18
2.413918e-17 2.591705e-18
2.570232e-17 2.614654e-18
2.736668e-17 2.789276e-18
2.913882e-17 2.805717e-18
3.102571e-17 2.805717e-18
3.303479e-17 2.724467e-18
3.517396e-17 2.614654e-18
3.745166e-17 2.684729e-18
3.987685e-17 2.984316e-18
4.245909e-17 3.028489e-18
4.520854e-17 3.356558e-18
4.813603e-17 3.591266e-18
5.125309e-17 3.720166e-18
5.457200e-17 3.720166e-18
5.810582e-17 3.720166e-18
6.186848e-17 4.051101e-18
6.587479e-17 4.334375e-18
7.014052e-17 4.569816e-18
7.429301e-17 4.875014e-18
7.951857e-17 5.020398e-18
8.466782e-17 5.109702e-18
8.986812e-17 5.406289e-18
9.548763e-17 5.444553e-18
1.043641e-16 5.780926e-18
1.111222e-16 5.780926e-18
1.195617e-16 7.018250e-18
1.286423e-16 9.443401e-18
1.304031e-16 1.965265e-17
1.306761e-16 2.542255e-17
1.313611e-16 3.311923e-17
1.413378e-16 1.170290e-17
1.473753e-16 9.047990e-17
1.473753e-16 6.587474e-17
1.473753e-16 4.796071e-17
1.473753e-16 3.072814e-17
1.473753e-16 1.289464e-17
1.504902e-16 2.390112e-17
1.830896e-16 3.921603e-17
1.890893e-16 5.555170e-17
1.929897e-16 1.000711e-16
2.059478e-16 1.185675e-16
2.199730e-16 1.264861e-16
2.322661e-16 1.282829e-16
2.565260e-16 1.789115e-16
2.731374e-16 1.931170e-16
2.908244e-16 1.977108e-16
2.985279e-16 3.800709e-16
3.959215e-16 2.111906e-15
4.905830e-16 3.359848e-15
5.088716e-16 3.301126e-15
6.110641e-16 6.489271e-15
6.405073e-16 5.221011e-15
7.261455e-16 6.874009e-15
7.611338e-16 1.006915e-14
8.061948e-16 2.132138e-14
8.275497e-16 2.690872e-14
8.450401e-16 3.966029e-14
8.857572e-16 4.012923e-14
1.004186e-15 2.787455e-14
1.063636e-15 3.286071e-14
1.150417e-15 4.377613e-14
1.224913e-15 5.743298e-14
1.263951e-15 8.717390e-14
1.297431e-15 1.093091e-13
1.525736e-15 1.501377e-13
1.545004e-15 1.212928e-13
1.650220e-15 1.528084e-13
1.729733e-15 1.785614e-13
1.880668e-15 2.232448e-13
1.950778e-15 2.734270e-13
2.044773e-15 4.261404e-13
2.628115e-15 1.130478e-12
3.058426e-15 9.505271e-13
3.256475e-15 1.205978e-12
3.467349e-15 1.627478e-12
3.653472e-15 1.918600e-12
4.098866e-15 2.499455e-12
4.433288e-15 2.847804e-12
4.622665e-15 3.793766e-12
4.845402e-15 5.119722e-12
5.052384e-15 5.724575e-12
5.609351e-15 6.949838e-12
5.972586e-15 7.073463e-12
6.293186e-15 8.217127e-12
6.459883e-15 1.024324e-11
6.986938e-15 1.703044e-11
7.285401e-15 2.186280e-11
8.259486e-15 3.347802e-11
8.567394e-15 3.457787e-11
1.012779e-14 5.187027e-11
1.034185e-14 2.723755e-11
1.095411e-14 2.264752e-11
1.160262e-14 2.835649e-11
1.209825e-14 3.279639e-11
1.209825e-14 6.056400e+04
