1.017741e-14 4.602172e-26
9.898569e-15 2.475168e-26
9.428848e-15 1.315722e-26
9.170514e-15 7.243865e-27
8.857526e-15 3.828148e-27
8.425495e-15 2.056469e-27
8.059191e-15 9.410858e-28
7.762537e-15 5.145008e-28
7.292181e-15 2.687338e-28
6.898068e-15 1.331645e-28
6.525255e-15 6.598641e-29
6.172590e-15 3.386627e-29
5.774461e-15 1.760640e-29
5.447221e-15 9.402927e-30
5.152820e-15 5.488838e-30
4.874331e-15 3.279912e-30
4.598101e-15 1.987663e-30
4.242189e-15 1.113276e-30
3.849130e-15 5.968832e-31
3.444312e-15 3.207690e-31
3.125180e-15 1.854277e-31
2.796502e-15 1.082410e-31
2.467872e-15 6.311041e-32
2.118191e-15 3.666785e-32
1.768246e-15 2.169258e-32
1.415868e-15 1.289059e-32
1.072439e-15 8.112220e-33
7.900558e-16 5.734834e-33
5.820266e-16 4.547789e-33
4.287734e-16 3.935187e-33
2.327008e-16 3.405105e-33
1.714285e-16 3.291136e-33
1.262897e-16 3.235590e-33
9.303643e-17 3.167474e-33
6.853905e-17 3.140631e-33
5.049207e-17 3.140631e-33
3.719702e-17 3.140631e-33
2.740269e-17 3.140631e-33
2.018730e-17 3.140631e-33
1.487179e-17 3.140631e-33
4.503690e-18 3.140631e-33
