6.274258e-14 3.028200e-01
6.274258e-14 3.484092e-20
6.288723e-14 4.271540e-20
6.410571e-14 2.909746e-20
6.661395e-14 4.121078e-20
6.661395e-14 3.019164e-20
6.729924e-14 3.397724e-20
6.952463e-14 2.855027e-20
7.002196e-14 4.271540e-20
7.015646e-14 3.454636e-20
7.312163e-14 3.219791e-20
7.332237e-14 3.909385e-20
7.411458e-14 2.678824e-20
7.560861e-14 3.685172e-20
7.589936e-14 3.086781e-20
7.685204e-14 2.450800e-20
8.017709e-14 2.211886e-20
8.386413e-14 2.301728e-20
8.499829e-14 2.071876e-20
8.714545e-14 2.643460e-20
8.910713e-14 3.221829e-20
9.160386e-14 3.473818e-20
9.160386e-14 2.909746e-20
9.348120e-14 2.259039e-20
9.482338e-14 1.938683e-20
9.703235e-14 1.780877e-20
9.740548e-14 3.389373e-20
9.740548e-14 2.839013e-20
9.815606e-14 2.378019e-20
9.948350e-14 1.949447e-20
1.016059e-13 3.323296e-20
1.020749e-13 2.808437e-20
1.030647e-13 2.336583e-20
1.036187e-13 1.905572e-20
1.045731e-13 1.729054e-20
1.066285e-13 2.897496e-20
1.092322e-13 2.093844e-20
1.109830e-13 3.179297e-20
1.115809e-13 2.616278e-20
1.131333e-13 1.761264e-20
1.140051e-13 2.197933e-20
1.180119e-13 2.783666e-20
1.187692e-13 1.868422e-20
1.192478e-13 2.307197e-20
1.193786e-13 1.676675e-20
1.274274e-13 2.617566e-20
1.289031e-13 2.082099e-20
1.334336e-13 2.473522e-20
1.341754e-13 1.814052e-20
1.361931e-13 2.187141e-20
1.397228e-13 1.814052e-20
1.413409e-13 2.210137e-20
1.464617e-13 1.883532e-20
1.480029e-13 1.596149e-20
1.543851e-13 1.674613e-20
1.555748e-13 2.165717e-20
1.604257e-13 1.765604e-20
1.633548e-13 2.142996e-20
1.708482e-13 2.062718e-20
1.723410e-13 1.748309e-20
1.745600e-13 2.663049e-20
1.782156e-13 1.497218e-20
1.793133e-13 2.201993e-20
1.793133e-13 1.917332e-20
1.834906e-13 2.689393e-20
1.863293e-13 2.049058e-20
1.910886e-13 3.099830e-20
1.925082e-13 2.510316e-20
1.949620e-13 3.979272e-20
1.969172e-13 5.252448e-20
1.992742e-13 2.193880e-20
2.003149e-13 3.112936e-20
2.005786e-13 2.585555e-20
2.027458e-13 3.685172e-20
2.045696e-13 4.324424e-20
2.066741e-13 5.304407e-20
2.112183e-13 4.250567e-20
2.155864e-13 3.649074e-20
2.155864e-13 3.019164e-20
2.164155e-13 5.252448e-20
2.180831e-13 2.519600e-20
2.189217e-13 1.635916e-20
2.204676e-13 1.996789e-20
2.217405e-13 4.576255e-20
2.266160e-13 2.811203e-20
2.283622e-13 3.499560e-20
2.306131e-13 2.274979e-20
2.310068e-13 1.868422e-20
2.336820e-13 3.577935e-20
2.354827e-13 2.909746e-20
2.402758e-13 1.638938e-20
2.409684e-13 2.297484e-20
2.409684e-13 1.924422e-20
2.513596e-13 1.710012e-20
2.523262e-13 2.102696e-20
2.642193e-13 2.071876e-20
2.642193e-13 1.769954e-20
2.756131e-13 2.048218e-20
2.791618e-13 1.783070e-20
2.908277e-13 1.995151e-20
2.998959e-13 2.354725e-20
3.104361e-13 2.061703e-20
3.116299e-13 2.451705e-20
3.225824e-13 2.011585e-20
3.291935e-13 2.771947e-20
3.313666e-13 1.908253e-20
3.324585e-13 2.316951e-20
3.401287e-13 1.665161e-20
3.403899e-13 1.395805e-20
3.456559e-13 2.825074e-20
3.473659e-13 2.321843e-20
3.508111e-13 1.908253e-20
3.541610e-13 1.588312e-20
3.617496e-13 2.783666e-20
3.655780e-13 2.366343e-20
3.693658e-13 1.367392e-20
3.703798e-13 1.982101e-20
3.718041e-13 1.118039e-20
3.732339e-13 1.660251e-20
3.761099e-13 2.825074e-20
3.804655e-13 2.352408e-20
3.804655e-13 9.265597e-21
3.848716e-13 1.896216e-20
3.890299e-13 1.428119e-20
3.908258e-13 1.635916e-20
3.966848e-13 2.826729e-20
3.987043e-13 9.009264e-21
4.014682e-13 1.147776e-20
4.014682e-13 1.611938e-20
4.076792e-13 1.411349e-20
4.086947e-13 3.244030e-20
4.171764e-13 1.029985e-20
4.210681e-13 3.319339e-20
4.244441e-13 1.330405e-20
4.260020e-13 8.372578e-21
4.293595e-13 3.967538e-20
4.402056e-13 1.055647e-20
4.453035e-13 2.996956e-20
4.453035e-13 2.547658e-20
4.458736e-13 8.741360e-21
4.470159e-13 1.310905e-20
4.470159e-13 4.271540e-20
4.470159e-13 3.577935e-20
4.591885e-13 9.829333e-21
4.609542e-13 3.577935e-20
4.662924e-13 2.846008e-20
4.662924e-13 1.093996e-20
4.680855e-13 1.360200e-20
4.680855e-13 4.026556e-20
4.882706e-13 1.211630e-20
4.891232e-13 2.917568e-20
4.891232e-13 1.560835e-20
4.892085e-13 9.975547e-21
4.933838e-13 3.700752e-20
4.933838e-13 2.007346e-20
4.971856e-13 4.455601e-20
5.062943e-13 9.551135e-21
5.112847e-13 1.475273e-20
5.121264e-13 1.210779e-20
5.132508e-13 2.809474e-20
5.152245e-13 2.102696e-20
5.152245e-13 1.761264e-20
5.165445e-13 3.339694e-20
5.191946e-13 3.739990e-20
5.229086e-13 4.667243e-20
5.353835e-13 2.841809e-20
5.386223e-13 2.063154e-20
5.401996e-13 1.731183e-20
5.432491e-13 4.951207e-20
5.436663e-13 4.167702e-20
5.457569e-13 3.490958e-20
5.526071e-13 1.448293e-20
5.606182e-13 1.223616e-20
5.616951e-13 3.098196e-20
5.649381e-13 2.071876e-20
5.653719e-13 1.761264e-20
5.680788e-13 9.918430e-21
5.706038e-13 3.795623e-20
5.714805e-13 3.274586e-20
5.719681e-13 4.838780e-20
5.796857e-13 1.462878e-20
5.825533e-13 2.102696e-20
5.825533e-13 1.761264e-20
5.876058e-13 1.186549e-20
5.958701e-13 3.513943e-20
6.022721e-13 4.371727e-20
6.041861e-13 9.685262e-21
6.045728e-13 3.086781e-20
6.170757e-13 1.320619e-20
6.170757e-13 8.995971e-21
6.279981e-13 3.495871e-20
6.285493e-13 5.069573e-20
6.290319e-13 4.208931e-20
6.302402e-13 1.091979e-20
6.314508e-13 6.323800e-20
6.436856e-13 2.144503e-20
6.436856e-13 1.796282e-20
6.436856e-13 1.526987e-20
6.436856e-13 1.390662e-20
6.448095e-13 2.750239e-20
6.461609e-13 7.056919e-20
6.586806e-13 5.696806e-20
6.586806e-13 4.771769e-20
6.586806e-13 3.967538e-20
6.612136e-13 3.422902e-20
6.612136e-13 1.370279e-20
6.637562e-13 1.519490e-20
6.714430e-13 2.187141e-20
6.753197e-13 1.787463e-20
6.757518e-13 2.749623e-20
6.897268e-13 4.141120e-20
6.923791e-13 3.323296e-20
6.950416e-13 7.710652e-20
6.950416e-13 6.458611e-20
6.950416e-13 1.754774e-20
7.003974e-13 2.157737e-20
7.057944e-13 5.062093e-20
7.057944e-13 2.732758e-20
7.213129e-13 4.194454e-20
7.222363e-13 3.406096e-20
7.362301e-13 6.270667e-20
7.390612e-13 2.087229e-20
7.403517e-13 2.670208e-20
7.533810e-13 4.789416e-20
7.533810e-13 1.820761e-20
7.562781e-13 4.399565e-20
7.562781e-13 3.456762e-20
7.738960e-13 2.354725e-20
7.768720e-13 2.957878e-20
7.845771e-13 1.632469e-20
7.888908e-13 1.996789e-20
7.964967e-13 4.878636e-20
8.023263e-13 2.726713e-20
8.041760e-13 6.178757e-20
8.134890e-13 1.411349e-20
8.206569e-13 1.615342e-20
8.229098e-13 5.006343e-20
8.243467e-13 2.085828e-20
8.453181e-13 1.924422e-20
8.512396e-13 1.172801e-19
8.666719e-13 2.193880e-20
8.683366e-13 8.677456e-20
8.683366e-13 7.268427e-20
8.683366e-13 6.088193e-20
8.683366e-13 5.175462e-20
8.717953e-13 1.377184e-19
9.007390e-13 1.801917e-20
9.047888e-13 2.259039e-20
9.092647e-13 5.370080e-20
9.364888e-13 1.094773e-19
9.376163e-13 8.677456e-20
9.376163e-13 7.268427e-20
9.376163e-13 5.696806e-20
9.422545e-13 1.904232e-20
9.448412e-13 1.570819e-20
9.474350e-13 2.321843e-20
9.872679e-13 2.271249e-20
9.940525e-13 1.509590e-19
9.969990e-13 8.677456e-20
9.969990e-13 7.268427e-20
1.000833e-12 5.760245e-20
1.012423e-12 5.062093e-20
1.016317e-12 1.684948e-20
1.017432e-12 1.986286e-20
1.039992e-12 2.388282e-20
1.064219e-12 6.851565e-20
1.064219e-12 5.517436e-20
1.068312e-12 4.701828e-20
1.072420e-12 7.941754e-20
1.080684e-12 3.306980e-20
1.081869e-12 1.957173e-20
1.086734e-12 2.517065e-20
1.094038e-12 1.756070e-20
1.134520e-12 2.577085e-20
1.140340e-12 2.052843e-20
1.146191e-12 3.922234e-20
1.147365e-12 3.198130e-20
1.157982e-12 4.864250e-20
1.166905e-12 2.197933e-20
1.171393e-12 1.067013e-19
1.171393e-12 8.937535e-20
1.171393e-12 7.486275e-20
1.174757e-12 1.617184e-19
1.175897e-12 3.086781e-20
1.178156e-12 2.742865e-20
1.189515e-12 5.911029e-20
1.196383e-12 3.887798e-20
1.219563e-12 4.719217e-20
1.236057e-12 8.179783e-20
1.250371e-12 6.652187e-20
1.255179e-12 5.330580e-20
1.255179e-12 3.167582e-20
1.264851e-12 3.973401e-20
1.314341e-12 5.162741e-20
1.316636e-12 6.493382e-20
1.319395e-12 4.367203e-20
1.334675e-12 3.658065e-20
1.338339e-12 8.586417e-20
1.350131e-12 4.335080e-20
1.357554e-12 1.012202e-19
1.371847e-12 3.074886e-19
1.381583e-12 7.131741e-20
1.397583e-12 1.126375e-19
1.402957e-12 1.366413e-19
1.405113e-12 8.858704e-20
1.457850e-12 1.131932e-19
1.461211e-12 7.088248e-20
1.463456e-12 1.412572e-19
1.463456e-12 9.717537e-20
1.480404e-12 5.544659e-20
1.480404e-12 4.096521e-20
1.503307e-12 8.640925e-20
1.520717e-12 1.107137e-19
1.523220e-12 1.415554e-19
1.527347e-12 2.179352e-19
1.531595e-12 6.909620e-20
1.544243e-12 9.070484e-20
1.556143e-12 2.839013e-20
1.568134e-12 4.356469e-20
1.574164e-12 5.449961e-20
1.580217e-12 3.712480e-20
1.643307e-12 3.979272e-20
1.648360e-12 2.967600e-20
1.673862e-12 3.467412e-20
1.732691e-12 6.088193e-20
1.746043e-12 3.041537e-20
1.747384e-12 3.728961e-20
1.821337e-12 3.303726e-20
1.833963e-12 4.159505e-20
1.870933e-12 7.825350e-20
1.878127e-12 2.835521e-20
1.895507e-12 6.307813e-20
1.899878e-12 4.926898e-20
1.911371e-12 3.992725e-20
1.929270e-12 3.242510e-20
1.959117e-12 6.363945e-20
1.974213e-12 3.179297e-20
1.989426e-12 4.807129e-20
2.001461e-12 3.917640e-20
2.039681e-12 8.937535e-20
2.064623e-12 1.104416e-19
2.083195e-12 3.372731e-20
2.091206e-12 4.641471e-20
2.091206e-12 4.116734e-20
2.107823e-12 7.354728e-19
2.115424e-12 2.705003e-19
2.115424e-12 2.265770e-19
2.118132e-12 3.342587e-19
2.131725e-12 1.969226e-19
2.131725e-12 1.649466e-19
2.131725e-12 1.381629e-19
2.153655e-12 1.096292e-19
2.177799e-12 4.696872e-20
2.219860e-12 4.086452e-20
2.240785e-12 1.454909e-19
2.240785e-12 1.218663e-19
2.249402e-12 1.815623e-19
2.252281e-12 1.061774e-19
2.266735e-12 2.368393e-19
2.315728e-12 3.685172e-20
2.326673e-12 4.612435e-20
2.419564e-12 3.620450e-20
2.433110e-12 5.392956e-20
2.435536e-12 4.129780e-20
2.523902e-12 2.232560e-19
2.523902e-12 1.870041e-19
2.523902e-12 1.465690e-19
2.543351e-12 6.458611e-20
2.543351e-12 5.409873e-20
2.548780e-12 4.392353e-20
2.642864e-12 1.983818e-19
2.642864e-12 1.661689e-19
2.655064e-12 4.341486e-20
2.663229e-12 6.458611e-20
2.663229e-12 5.409873e-20
2.673470e-12 1.367422e-19
2.778074e-12 4.905725e-20
2.797333e-12 6.270667e-20
2.810246e-12 1.391867e-19
2.855288e-12 4.483887e-20
2.920202e-12 6.771106e-20
2.928218e-12 5.341836e-20
2.999721e-12 5.080814e-20
3.032131e-12 1.859029e-19
3.043791e-12 8.036123e-20
3.066237e-12 6.377383e-20
3.069601e-12 5.470117e-20
3.153188e-12 6.133308e-20
3.165313e-12 6.987792e-20
3.177485e-12 1.916633e-19
3.183589e-12 8.487376e-20
3.282856e-12 2.167593e-19
3.286638e-12 1.011776e-19
3.340047e-12 1.909101e-19
3.436990e-12 1.011232e-19
3.438909e-12 8.326011e-20
3.441550e-12 2.323364e-19
3.470732e-12 1.983818e-19
3.578952e-12 8.663232e-20
3.585827e-12 2.282560e-19
3.606531e-12 1.067013e-19
3.609608e-12 2.799824e-19
3.733286e-12 7.825350e-20
3.760741e-12 2.873435e-19
3.766870e-12 8.720271e-20
3.768623e-12 1.156506e-19
3.886809e-12 3.647744e-19
3.894275e-12 9.342342e-20
3.939374e-12 1.312040e-19
3.944417e-12 3.094527e-19
3.954522e-12 1.049650e-19
4.085660e-12 4.030044e-19
4.117861e-12 1.071319e-19
4.118272e-12 3.222580e-19
4.125052e-12 1.351364e-19
4.125052e-12 3.028200e-01
