5.392285e-14 1.000000e-10
5.392285e-14 1.182981e-14
6.016541e-14 1.189119e-14
6.713065e-14 1.191172e-14
7.490225e-14 1.191172e-14
8.357355e-14 1.201491e-14
9.324872e-14 1.207726e-14
1.040440e-13 1.218188e-14
1.160890e-13 1.226624e-14
1.295284e-13 1.232988e-14
1.445236e-13 1.252282e-14
1.612549e-13 1.243670e-14
1.799231e-13 1.282895e-14
2.007525e-13 1.285110e-14
2.239932e-13 1.289552e-14
2.482193e-13 1.314581e-14
2.690638e-13 1.450616e-14
2.919759e-13 1.295285e-14
3.154305e-13 1.191172e-14
3.519473e-13 1.268590e-14
3.926916e-13 1.368633e-14
4.257332e-13 1.369341e-14
4.336762e-13 1.220292e-14
4.522841e-13 1.060650e-14
5.093777e-13 1.158742e-14
5.630660e-13 1.321905e-14
6.170132e-13 1.360394e-14
6.255200e-13 1.201491e-14
6.473036e-13 1.012157e-14
6.607363e-13 9.785050e-15
7.205945e-13 1.031666e-14
7.473928e-13 1.219239e-14
8.332831e-13 1.260389e-14
9.304584e-13 1.284002e-14
1.010130e-12 1.315013e-14
1.081711e-12 1.467677e-14
1.215230e-12 1.467171e-14
1.283647e-12 1.630546e-14
1.283647e-12 2.758014e-14
1.283647e-12 2.469712e-14
1.283647e-12 2.211546e-14
1.283647e-12 1.980367e-14
1.299119e-12 3.167992e-14
1.346664e-12 3.826697e-14
1.502565e-12 3.816807e-14
1.676514e-12 3.879876e-14
1.870601e-12 4.029960e-14
2.087157e-12 4.236705e-14
2.328784e-12 4.415802e-14
2.598383e-12 4.586618e-14
2.899194e-12 4.759933e-14
3.234828e-12 4.961148e-14
3.609319e-12 5.179798e-14
4.027163e-12 5.440836e-14
4.493381e-12 5.744685e-14
5.013572e-12 6.107502e-14
5.593984e-12 6.532559e-14
6.241590e-12 7.023453e-14
6.964168e-12 7.610086e-14
7.770398e-12 8.302815e-14
8.669963e-12 9.121327e-14
9.673670e-12 1.008122e-13
1.079357e-11 1.121928e-13
1.196096e-11 1.246736e-13
1.325460e-11 1.399154e-13
1.468815e-11 1.577964e-13
1.616570e-11 1.769130e-13
1.767048e-11 1.977924e-13
1.918354e-11 2.198680e-13
2.082616e-11 2.452521e-13
2.260944e-11 2.745124e-13
2.454541e-11 3.076173e-13
2.664715e-11 3.459059e-13
2.873147e-11 3.858413e-13
3.097883e-11 4.308827e-13
3.363145e-11 4.878689e-13
3.626208e-11 5.470809e-13
3.883170e-11 6.092606e-13
4.158342e-11 6.775717e-13
4.453013e-11 7.556248e-13
4.768565e-11 8.426692e-13
5.106477e-11 9.397406e-13
5.505903e-11 1.057925e-12
5.977355e-11 1.200598e-12
6.489176e-11 1.354701e-12
7.044822e-11 1.516326e-12
7.753491e-11 1.686533e-12
8.533448e-11 1.880164e-12
9.327783e-11 2.069847e-12
1.235056e-10 2.494988e-12
1.440043e-10 2.682476e-12
1.602046e-10 2.871641e-12
1.787512e-10 3.047743e-12
1.994450e-10 3.215172e-12
2.225344e-10 3.391800e-12
2.482968e-10 3.571962e-12
2.770417e-10 3.771442e-12
3.091143e-10 3.964924e-12
3.448999e-10 4.164739e-12
3.848284e-10 4.378398e-12
4.293793e-10 4.610966e-12
4.790878e-10 4.768720e-12
5.345510e-10 4.931870e-12
5.964350e-10 5.065527e-12
6.654832e-10 5.153673e-12
7.425251e-10 5.127069e-12
8.284859e-10 4.910646e-12
9.118268e-10 4.444353e-12
9.764413e-10 4.051354e-12
1.032199e-09 3.838909e-12
1.210419e-09 3.741201e-12
1.442542e-09 3.741780e-12
1.723599e-09 3.667061e-12
2.059416e-09 3.580505e-12
2.460661e-09 3.488577e-12
2.940083e-09 3.411662e-12
3.512912e-09 3.354201e-12
4.197349e-09 3.311741e-12
5.015137e-09 3.276768e-12
5.992259e-09 3.231855e-12
7.159757e-09 3.400814e-12
7.724891e-09 3.532015e-12
8.554725e-09 3.395402e-12
1.022148e-08 3.254234e-12
1.221298e-08 3.231855e-12
1.459249e-08 3.187558e-12
1.743561e-08 3.187558e-12
2.083266e-08 3.157247e-12
2.489159e-08 3.143868e-12
2.974133e-08 3.118936e-12
3.553596e-08 3.167319e-12
4.245960e-08 3.133871e-12
5.073219e-08 3.186205e-12
6.061657e-08 3.058277e-12
7.242677e-08 3.058277e-12
8.653800e-08 3.058277e-12
1.033986e-07 3.058277e-12
1.235442e-07 3.058277e-12
1.476149e-07 3.058277e-12
1.763753e-07 3.065591e-12
1.513832e-06 3.207927e-12
2.161191e-06 3.250781e-12
3.085380e-06 3.294908e-12
5.262983e-06 3.379220e-12
8.977496e-06 3.396290e-12
1.531364e-05 3.598415e-12
2.186221e-05 3.824107e-12
2.612172e-05 4.039007e-12
3.121113e-05 4.279593e-12
3.729214e-05 4.678768e-12
4.455793e-05 5.237164e-12
5.323936e-05 6.120400e-12
6.231899e-05 7.331337e-12
7.049222e-05 8.744879e-12
7.811632e-05 1.047631e-11
8.538777e-05 1.265719e-11
9.206675e-05 1.509517e-11
9.859084e-05 1.844454e-11
1.050006e-04 2.209970e-11
1.115212e-04 2.710158e-11
1.154049e-04 3.267085e-11
1.196577e-04 4.011604e-11
1.230200e-04 5.556117e-11
1.244318e-04 4.542157e-11
1.306331e-04 8.017000e-11
1.517607e-04 1.055775e-10
1.614060e-04 1.265969e-10
1.704930e-04 1.544227e-10
1.740310e-04 1.826567e-10
1.758275e-04 2.183008e-10
