1.958084e+02 3.702974e-02
1.869363e+02 1.972551e-02
1.780530e+02 9.951586e-03
1.695918e+02 4.997912e-03
1.626601e+02 2.798413e-03
1.549303e+02 1.463923e-03
1.465451e+02 7.675532e-04
1.386137e+02 4.024378e-04
1.311116e+02 2.110032e-04
1.240155e+02 1.144558e-04
1.164904e+02 6.166443e-05
1.086636e+02 3.193831e-05
1.013626e+02 1.636314e-05
9.455210e+01 8.997433e-06
8.758791e+01 4.920501e-06
8.057429e+01 2.562406e-06
7.412229e+01 1.434733e-06
6.771433e+01 7.807740e-07
6.143157e+01 4.161827e-07
5.534547e+01 2.295097e-07
4.951672e+01 1.240720e-07
4.399477e+01 6.829956e-08
3.881768e+01 3.688067e-08
3.424980e+01 2.058781e-08
3.000999e+01 1.152049e-08
1.684818e+01 1.374628e-09
1.476253e+01 7.158527e-10
1.284541e+01 3.799505e-10
1.117726e+01 2.117788e-10
9.658328e+00 1.201913e-10
8.287965e+00 6.841510e-11
7.211658e+00 4.084905e-11
7.112035e+00 4.326207e-11
5.935500e+00 2.189490e-11
5.093347e+00 1.268046e-11
4.347361e+00 8.353744e-12
3.822140e+00 5.207839e-12
3.218408e+00 3.413440e-12
2.761768e+00 2.231403e-12
1.950542e+00 9.958948e-13
1.673791e+00 7.577553e-13
1.403390e+00 5.321592e-13
1.215491e+00 4.064879e-13
1.050312e+00 3.174781e-13
